4400
4400
5700
4300
4400
4300
4300
4300
4400
4300
4700
5000
5000
4400
4400
4400
4400
4600
4600
4400
4500
4500
4400
4400
4500
4300
4500
4500
4300
4400
4500
4400
4400
4300
4300
4400
4400
4400
4300
4400
4400
4400
4300
4300
4500
4400
4500
4400
4300
4500
4400
4400
4400
4400
4500
4400
4500
4400
4300
4500
4500
4400
4600
4300
4500
4400
4500
4400
4400
4500
4400
4300
4300
4400
4300
4300
4400
4300
4400
4300
4400
4400
4400
4400
4400
4400
4500
4600
4400
4400
4300
4500
4400
4400
4400
5100
4700
4300
4300
4400
