2900
2500
2400
2500
2400
2500
2500
2400
2600
2500
2400
2400
2500
2500
2400
2400
2600
2400
2500
2400
2400
2500
2600
2500
2500
2500
2300
2400
2400
2700
2500
2500
2400
2400
2500
2400
2500
2500
2400
2500
2500
2400
2500
2500
2400
2400
2400
2400
2700
2500
2500
2500
2600
2500
2400
2400
2400
2400
2400
2500
2400
2500
2400
2500
2500
2500
2400
2500
2500
2500
2400
2400
2400
2500
2500
2500
2500
2300
2400
2500
2500
2500
2400
2400
2500
2500
2400
2500
2500
2400
2500
2500
2300
2500
2500
2500
2500
2500
2600
2400
