1300
1300
1300
1300
1400
1300
1400
1400
1400
1300
1400
1600
1300
1300
1400
1400
1300
1300
1300
1400
1400
1300
1400
1400
1400
1300
1300
1300
1300
1400
1300
1300
1300
1200
1300
1300
1300
1300
1300
1400
1700
1300
1400
1400
1300
1400
1300
1400
1300
1300
1400
1300
1400
1400
1300
1500
1300
1400
1300
1300
1300
1400
1300
1300
1300
1300
1300
1400
1300
1300
1300
1300
1400
1700
1300
1300
1400
1300
1400
1400
1300
1300
1400
1600
1200
1300
1300
1300
1400
1300
1400
1300
1200
1300
1400
1300
1300
1300
1400
2900
