100 561.09 0.056109 900 1000 10000 avl-10000-100.txt
200 568.42 0.056842 900 1000 10000 avl-10000-200.txt
300 578.51 0.057851 9600 1000 10000 avl-10000-300.txt
400 584.98 0.058498 900 1000 10000 avl-10000-400.txt
500 595.93 0.059593 900 1000 10000 avl-10000-500.txt
600 602.8 0.06028 900 1000 10000 avl-10000-600.txt
700 598.12 0.059812 900 1000 10000 avl-10000-700.txt
800 596.14 0.059614 900 1000 10000 avl-10000-800.txt
900 603.25 0.060325 900 1000 10000 avl-10000-900.txt
1000 605.95 0.060595 900 1000 10000 avl-10000-1000.txt
