3700
3800
3700
3700
3800
3600
3700
3800
3700
4000
3800
3700
3700
3800
3700
3700
3600
3700
3700
3700
3600
3800
3800
3800
5000
3700
3800
3800
3600
3700
3600
3600
3700
3800
3900
3700
3700
3700
3900
3700
3900
3600
3700
3700
3600
3700
3600
3700
3700
3700
3600
3800
3600
3800
3700
3800
3700
3800
3700
3700
3700
3700
3700
3800
3700
3700
3700
3800
3700
3800
3700
3600
3800
3700
3900
3700
3600
3800
3700
3600
3800
3600
3700
3800
3700
3700
3800
4100
3800
3700
3800
3800
3700
3700
3700
3800
3600
3700
3700
3800
