3100
3200
3100
3100
3100
3100
3000
3100
3100
3000
3100
3000
3000
3100
3100
3000
3000
3000
3000
2900
3000
3200
3100
3100
3000
3100
3100
3100
3100
3200
3100
3100
3100
3000
3200
3500
3100
3000
3000
3000
3100
3000
3100
3000
3000
3100
3100
3000
3000
3100
3000
3000
3100
3200
3000
3100
3100
3200
3000
3100
3600
3200
3200
3100
3100
3100
3100
3000
3100
3100
3000
3200
3100
3200
3100
3100
3200
3100
3000
3200
3100
3100
3000
3100
3100
3200
3200
3100
3100
3200
3100
3200
3000
3000
3100
3000
3000
3100
3100
3000
