6900
7400
7000
7300
6900
7000
6900
7300
7000
8300
8000
8000
7700
8700
8700
9300
6900
15600
7800
8400
7300
7700
8000
9300
7500
7400
7100
6900
6900
7600
7100
7000
6900
7600
7000
6800
7600
7000
7100
7000
6900
7000
7000
7100
7600
7100
6900
7200
6900
7000
7400
8600
6900
6900
6900
7000
7100
6900
6900
7200
6900
7100
6900
7000
7100
7000
7000
7000
7000
7000
7100
7000
6900
7000
7300
7100
6900
6900
7200
7000
7000
7100
7100
6900
6900
7000
7000
7000
7000
8300
6900
7000
6900
10100
8700
6900
7100
6900
8200
7000
