5100
5000
5000
4900
5000
5000
5200
5100
5100
5100
5100
5100
5000
5200
5100
5300
5000
5100
5100
5100
5000
5100
5100
5900
5000
5000
5400
5000
5000
4900
5100
5100
5200
4900
5000
5000
5000
5300
6100
5100
4900
4900
5100
5000
5000
5100
5200
5000
5600
5300
5100
5100
5200
5100
5300
5000
5100
5000
5100
5600
5200
5500
5000
5400
5500
5100
5000
5400
5100
5200
5100
5300
5600
5000
5000
5400
5100
5000
5500
5100
5000
5000
5000
5100
5300
5100
4900
5600
5200
5700
5400
5400
5700
5000
5400
5000
5200
5000
5100
5000
