1900
2200
1900
1900
1900
1800
1900
1900
2300
1800
1900
1800
1800
1800
1900
1800
1900
1900
1800
1900
1900
1900
1900
2000
1900
1800
2000
1900
2100
1900
1900
2000
2000
1800
1900
1900
1900
1900
1800
1800
1900
1900
1800
1900
1900
1800
1900
1900
1900
1900
1900
1800
1800
1900
1800
1900
2000
1800
1800
1900
1900
1800
1900
1800
1900
1900
1900
1900
1900
1800
1900
1900
1800
1800
1900
1900
1800
1800
1900
1900
1800
1900
1800
1900
1900
1900
1900
1900
1900
1900
1900
2000
1800
2400
1900
1900
1900
1800
1800
1900
