6000
6200
5600
5700
5700
5800
6000
5800
5700
5600
5700
5700
5700
5700
5700
5900
5700
5700
5700
5600
5700
5600
5700
5800
9900
5700
5700
6000
5700
5700
5800
5800
5700
6000
5700
5700
5700
5700
6000
5600
5700
5800
5700
5600
5700
5700
5700
5700
5700
5700
5700
5600
5700
5600
5700
6900
5800
5700
5800
5600
5600
5800
5700
6100
5700
6100
5700
5600
5900
5600
5700
5800
5600
5800
5800
5700
5700
7100
7000
7200
6200
7700
7600
5800
5700
5800
5800
6700
5800
5700
6400
5600
5700
6200
5700
5700
5700
5900
5700
6000
