7100
6400
6300
6200
6400
6400
6300
6300
6400
6200
6500
6300
6400
6300
6400
6400
7100
6300
6400
6300
6200
6300
7000
7600
6300
6300
6300
6300
6300
6200
6300
6300
6900
7000
6300
6300
6600
6400
7200
6400
7200
7000
6400
7800
6400
6300
6400
6300
7100
6300
6300
7000
6300
6400
6300
6400
6500
6400
6300
7400
6300
6500
7000
6300
6400
6600
6400
6300
6700
7000
6300
6400
6400
6400
6700
6200
6500
6200
6200
6300
6200
6500
6900
7300
6400
6300
6400
6600
6700
6200
6200
6300
6900
6400
6200
6400
6300
6700
6600
6400
