100 490 0.49 800 1100 1000 hash-data/hash-1000-100.txt
200 486.8 0.4868 900 300 1000 hash-data/hash-1000-200.txt
300 485.3 0.4853 900 2000 1000 hash-data/hash-1000-300.txt
400 463.9 0.4639 900 300 1000 hash-data/hash-1000-400.txt
500 465.4 0.4654 900 300 1000 hash-data/hash-1000-500.txt
600 492.9 0.4929 900 2000 1000 hash-data/hash-1000-600.txt
700 496.6 0.4966 900 1000 1000 hash-data/hash-1000-700.txt
800 485.3 0.4853 900 1700 1000 hash-data/hash-1000-800.txt
900 489.8 0.4898 800 1000 1000 hash-data/hash-1000-900.txt
1000 494.5 0.4945 900 1100 1000 hash-data/hash-1000-1000.txt
