100 562.43 0.056243 9200 1000 10000 avl-data/avl-10000-100.txt
200 577.21 0.057721 900 1000 10000 avl-data/avl-10000-200.txt
300 593.37 0.059337 900 1000 10000 avl-data/avl-10000-300.txt
400 613.77 0.061377 900 1000 10000 avl-data/avl-10000-400.txt
500 636.86 0.063686 900 1000 10000 avl-data/avl-10000-500.txt
600 643.29 0.064329 900 1000 10000 avl-data/avl-10000-600.txt
700 650.09 0.065009 900 1000 10000 avl-data/avl-10000-700.txt
800 651.91 0.065191 900 1000 10000 avl-data/avl-10000-800.txt
900 658.84 0.065884 900 1000 10000 avl-data/avl-10000-900.txt
1000 660.15 0.066015 900 1000 10000 avl-data/avl-10000-1000.txt
